rob1_base:
  x: 0
  y: 0.707012
  z: 0
  roll: 0.001234
  pitch: -0.002402
  yaw: -1.523872

rob2_base:
  x: 0
  y: -0.707012
  z: 0
  roll: 0.001232
  pitch: 0.004382
  yaw: 1.544656
